107
1965
2007
2008
2017
2018
2019
2100
2021
1966
2077
2005
2015
1991
2041
1986
1981
2023
2041
1988
2040
2013
2095
1977
2098
2021
2033
1985
2062
1990
2011
1968
2011
2096
2098
2066
1965
2092
2083
2069
1989
1978
2021
2085
2043
2065
1996
2036
2061
2077
2074
1996
2083
1994
2074
2040
1990
2045
2035
2095
1970
1987
2098
2078
1985
1996
2038
1986
2009
1971
2061
1975
2100
2090
2072
2070
2015
2057
2068
2030
1973
2050
2009
2047
2022
2094
1992
2069
2060
2040
1975
1987
2096
1996
1987
2004
2038
2035
1965
1965
2032
1990
2047
2073
1978
2033
2020
2072
