24
20
100 100 100 100 100 100 100 100 100 100 100 100 100 100 100 100 100 100 100 100
9
2 83 30 37 20 57 17 13 44
12
18 56 36 96 10 98 42 51 15 72 19 35
1
34
20
98 75 1 95 88 78 18 10 42 89 58 74 24 53 71 83 81 24 88 22
17
56 19 59 52 96 5 17 99 84 16 23 54 16 33 5 72 8
20
93 79 78 37 68 77 49 7 63 33 62 43 96 21 77 70 56 9 17 97
5
17 29 54 52 1
1
50
4
61 80 10 51
9
80 96 42 25 88 3 34 40 18
14
52 25 42 70 33 7 47 20 63 21 14 90 34 30
11
70 68 80 26 43 37 52 58 63 7 38
15
4 75 69 41 45 27 74 49 27 3 35 93 68 63 94
1
61
4
40 19 35 91
15
85 8 31 79 5 19 9 82 24 43 2 12 52 80 35
7
5 10 15 21 57 36 98
6
86 10 53 55 66 42
11
78 16 54 59 79 17 42 3 67 87 36
17
66 2 48 5 32 81 13 57 6 11 96 10 18 95 31 22 10
3
2 3 5
12
3 1 11 23 48 10 3 21 33 8 82 32
1
1
